# transform file /Users/martinnorgaard/Downloads/20M0157_MDD_COX1_COX2_BIDS/derivatives/freesurfer/sub-01/mri/transforms/cc_up.lta
# created by martinnorgaard on Wed May 21 19:15:14 2025

type      = 0 # LINEAR_VOX_TO_VOX
nxforms   = 1
mean      = 126.0000 94.0000 118.0000
sigma     = 10000.0000
1 4 4
9.989989399909973e-01 -3.251005895435810e-03 -4.461773112416267e-02 7.402905464172363e+00 
3.247768385335803e-03 9.999948143959045e-01 -1.450532581657171e-04 5.260429000854492e+01 
4.461796581745148e-02 -1.455191696309033e-11 9.990041851997375e-01 2.438633203506470e+00 
0.000000000000000e+00 0.000000000000000e+00 0.000000000000000e+00 1.000000000000000e+00 
src volume info
valid = 1  # volume info valid
filename = /Users/martinnorgaard/Downloads/20M0157_MDD_COX1_COX2_BIDS/derivatives/freesurfer/sub-01/mri/norm.mgz
volume = 256 256 256
voxelsize = 1.000000000000000e+00 1.000000000000000e+00 1.000000000000000e+00
xras   = -9.999998807907104e-01 -2.793967723846436e-09 -1.862645149230957e-09
yras   = 1.862645149230957e-09 0.000000000000000e+00 -9.999999403953552e-01
zras   = 0.000000000000000e+00 9.999999403953552e-01 0.000000000000000e+00
cras   = -4.186599731445312e+00 1.631027984619141e+01 -5.019454956054688e+00
dst volume info
valid = 1  # volume info valid
filename = /Users/martinnorgaard/Downloads/20M0157_MDD_COX1_COX2_BIDS/derivatives/freesurfer/sub-01/mri/norm.mgz
volume = 256 256 256
voxelsize = 1.000000000000000e+00 1.000000000000000e+00 1.000000000000000e+00
xras   = -9.999998807907104e-01 -2.793967723846436e-09 -1.862645149230957e-09
yras   = 1.862645149230957e-09 0.000000000000000e+00 -9.999999403953552e-01
zras   = 0.000000000000000e+00 9.999999403953552e-01 0.000000000000000e+00
cras   = -4.186599731445312e+00 1.631027984619141e+01 -5.019454956054688e+00
