# transform file transforms/talairach.lta
# created by martinnorgaard on Wed May 21 16:52:39 2025

type      = 0 # LINEAR_VOX_TO_VOX
nxforms   = 1
mean      = 126.0000 93.0000 119.0000
sigma     = 10000.0000
1 4 4
1.123555541038513e+00 3.940390795469284e-02 -4.061415418982506e-02 -1.532700538635254e+01 
-3.497877344489098e-02 1.257452130317688e+00 -5.629618465900421e-02 1.790834426879883e+01 
5.054545402526855e-02 7.262957841157913e-02 1.034868597984314e+00 -2.386775207519531e+01 
0.000000000000000e+00 0.000000000000000e+00 0.000000000000000e+00 1.000000000000000e+00 
src volume info
valid = 1  # volume info valid
filename = nu.mgz
volume = 256 256 256
voxelsize = 1.000000000000000e+00 1.000000000000000e+00 1.000000000000000e+00
xras   = -9.999998807907104e-01 -2.793967723846436e-09 -1.862645149230957e-09
yras   = 1.862645149230957e-09 0.000000000000000e+00 -9.999999403953552e-01
zras   = 0.000000000000000e+00 9.999999403953552e-01 0.000000000000000e+00
cras   = -4.186599731445312e+00 1.631027984619141e+01 -5.019454956054688e+00
dst volume info
valid = 1  # volume info valid
filename = /Applications/freesurfer/7.4.1/average/RB_all_2020-01-02.gca
volume = 256 256 256
voxelsize = 1.000000000000000e+00 1.000000000000000e+00 1.000000000000000e+00
xras   = -1.000000000000000e+00 0.000000000000000e+00 0.000000000000000e+00
yras   = 0.000000000000000e+00 0.000000000000000e+00 -1.000000000000000e+00
zras   = 0.000000000000000e+00 1.000000000000000e+00 0.000000000000000e+00
cras   = 0.000000000000000e+00 0.000000000000000e+00 0.000000000000000e+00
