# transform file /Users/martinnorgaard/Desktop/ses-baseline/test_data/derivatives/freesurfer/sub-01/mri/gtmseg.lta
# created by martinnorgaard on Mon Jul 14 13:46:34 2025

type      = 0 # LINEAR_VOX_TO_VOX
nxforms   = 1
mean      = 0.0000 0.0000 0.0000
sigma     = 10000.0000
1 4 4
2.000000000000000e+00 -4.440892098500626e-16 0.000000000000000e+00 -9.350001525878906e+01 
0.000000000000000e+00 1.999999880790710e+00 0.000000000000000e+00 -2.149996948242188e+01 
1.938705022894345e-26 0.000000000000000e+00 1.999999880790710e+00 -3.549998474121094e+01 
0.000000000000000e+00 0.000000000000000e+00 0.000000000000000e+00 1.000000000000000e+00 
src volume info
valid = 1  # volume info valid
filename = /Users/martinnorgaard/Desktop/ses-baseline/test_data/derivatives/freesurfer/sub-01/mri/apas+head.mgz
volume = 256 256 256
voxelsize = 1.000000000000000e+00 1.000000000000000e+00 1.000000000000000e+00
xras   = -9.999998807907104e-01 -2.793967723846436e-09 -1.862645149230957e-09
yras   = 1.862645149230957e-09 0.000000000000000e+00 -9.999999403953552e-01
zras   = 0.000000000000000e+00 9.999999403953552e-01 0.000000000000000e+00
cras   = -4.186599731445312e+00 1.631027984619141e+01 -5.019454956054688e+00
dst volume info
valid = 1  # volume info valid
filename = /Users/martinnorgaard/Desktop/ses-baseline/test_data/derivatives/freesurfer/sub-01/mri/apas+head.mgz
volume = 334 482 408
voxelsize = 5.000000000000000e-01 5.000000000000000e-01 5.000000000000000e-01
xras   = -9.999998807907104e-01 -2.793967723846436e-09 -1.862645149230957e-09
yras   = 1.862645149230957e-09 0.000000000000000e+00 -9.999999403953552e-01
zras   = 0.000000000000000e+00 9.999999403953552e-01 0.000000000000000e+00
cras   = -6.436599731445312e+00 8.060279846191406e+00 -8.269447326660156e+00
subject sub-01
