#Insight Transform File V1.0
#Transform 0
Transform: AffineTransform_float_3_3
Parameters: 0.999978 0.0064874 -0.00142574 -0.00649766 0.999952 -0.00731578 0.00137822 0.00732488 0.999972 1.31918 -1.14959 0.629993
FixedParameters: 0 0 0

#Transform 1
Transform: AffineTransform_float_3_3
Parameters: 0.999978 0.0064874 -0.00142574 -0.00649766 0.999952 -0.00731578 0.00137822 0.00732488 0.999972 1.31918 -1.14959 0.629993
FixedParameters: 0 0 0

#Transform 2
Transform: AffineTransform_float_3_3
Parameters: 0.999978 0.0064874 -0.00142574 -0.00649766 0.999952 -0.00731578 0.00137822 0.00732488 0.999972 1.31918 -1.14959 0.629993
FixedParameters: 0 0 0

#Transform 3
Transform: AffineTransform_float_3_3
Parameters: 0.999978 0.0064874 -0.00142574 -0.00649766 0.999952 -0.00731578 0.00137822 0.00732488 0.999972 1.31918 -1.14959 0.629993
FixedParameters: 0 0 0

#Transform 4
Transform: AffineTransform_float_3_3
Parameters: 0.999978 0.0064874 -0.00142574 -0.00649766 0.999952 -0.00731578 0.00137822 0.00732488 0.999972 1.31918 -1.14959 0.629993
FixedParameters: 0 0 0

#Transform 5
Transform: AffineTransform_float_3_3
Parameters: 0.999986 0.00528787 -0.000605712 -0.00529211 0.99996 -0.00723613 0.000567424 0.00723924 0.999974 1.19357 -1.29994 0.495037
FixedParameters: 0 0 0

#Transform 6
Transform: AffineTransform_float_3_3
Parameters: 0.999996 0.00140346 -0.00260316 -0.0014145 0.99999 -0.00424349 0.00259718 0.00424715 0.999988 0.570725 -1.02472 -0.0167026
FixedParameters: 0 0 0

#Transform 7
Transform: AffineTransform_float_3_3
Parameters: 0.999991 0.000708558 -0.00410176 -0.000722473 0.999994 -0.00339188 0.00409933 0.00339481 0.999986 0.351054 -0.855378 -0.253098
FixedParameters: 0 0 0

#Transform 8
Transform: AffineTransform_float_3_3
Parameters: 0.999997 -0.000578498 -0.00257831 0.000574802 0.999999 -0.00143395 0.00257914 0.00143247 0.999996 0.316223 -0.597358 -0.682799
FixedParameters: 0 0 0

#Transform 9
Transform: AffineTransform_float_3_3
Parameters: 0.999998 0.000353236 -0.00176969 -0.000355414 0.999999 -0.00123081 0.00176925 0.00123144 0.999998 0.681783 -0.567368 -0.849301
FixedParameters: 0 0 0

#Transform 10
Transform: AffineTransform_float_3_3
Parameters: 0.999999 -0.000754893 -0.00125691 0.000753646 0.999999 -0.00099215 0.00125765 0.000991201 0.999999 0.405532 -0.465111 -0.872832
FixedParameters: 0 0 0

#Transform 11
Transform: AffineTransform_float_3_3
Parameters: 0.999996 -0.00265702 0.000354059 0.00265616 0.999994 0.00239884 -0.000360431 -0.00239789 0.999997 -0.107468 0.0932989 -1.42788
FixedParameters: 0 0 0

#Transform 12
Transform: AffineTransform_float_3_3
Parameters: 0.999983 -0.00505757 0.00280116 0.00504233 0.999973 0.00542116 -0.0028285 -0.00540694 0.999981 -0.659421 0.645468 -1.88711
FixedParameters: 0 0 0

#Transform 13
Transform: AffineTransform_float_3_3
Parameters: 0.999882 -0.0132284 0.00778794 0.0131854 0.999898 0.00554705 -0.00786052 -0.00544371 0.999954 -1.91889 0.67066 -1.57692
FixedParameters: 0 0 0

#Transform 14
Transform: AffineTransform_float_3_3
Parameters: 0.99989 -0.0123506 0.00821382 0.012298 0.999904 0.00641873 -0.0082923 -0.00631701 0.999946 -1.74017 0.834403 -1.51948
FixedParameters: 0 0 0

#Transform 15
Transform: AffineTransform_float_3_3
Parameters: 1 -0.000537551 0.000322794 0.00053394 0.999938 0.0110843 -0.000328732 -0.0110841 0.999938 -0.350502 1.38944 -2.54824
FixedParameters: 0 0 0

#Transform 16
Transform: AffineTransform_float_3_3
Parameters: 0.99998 -0.00539633 0.00330264 0.00537028 0.999955 0.00784735 -0.00334484 -0.00782946 0.999964 -1.10604 1.05387 -1.56984
FixedParameters: 0 0 0

#Transform 17
Transform: AffineTransform_float_3_3
Parameters: 0.99997 -0.00579253 0.00512505 0.0057476 0.999945 0.00873757 -0.00517538 -0.00870785 0.999949 -0.951764 1.21601 -1.58296
FixedParameters: 0 0 0

#Transform 18
Transform: AffineTransform_float_3_3
Parameters: 0.999979 0.00602328 -0.00223663 -0.00602913 0.999978 -0.00261865 0.00222081 0.00263209 0.999994 1.03493 -0.294045 1.28009
FixedParameters: 0 0 0

#Transform 19
Transform: AffineTransform_float_3_3
Parameters: 0.999984 0.00441039 -0.00347749 -0.00444448 0.999942 -0.0098565 0.00343381 0.0098718 0.999945 0.580081 -1.27443 3.11148
FixedParameters: 0 0 0

#Transform 20
Transform: AffineTransform_float_3_3
Parameters: 0.999987 -0.0049921 -0.0008216 0.00499091 0.999987 -0.00144708 0.000828813 0.00144296 0.999999 -1.14733 -0.0245263 1.50391
FixedParameters: 0 0 0

#Transform 21
Transform: AffineTransform_float_3_3
Parameters: 0.99999 -0.00437164 0.00125665 0.00437168 0.99999 -2.94818e-05 -0.00125651 3.49752e-05 0.999999 -0.999142 0.270237 1.27929
FixedParameters: 0 0 0

#Transform 22
Transform: AffineTransform_float_3_3
Parameters: 1 -6.38087e-05 0.00101392 6.05547e-05 0.999995 0.00320906 -0.00101412 -0.00320899 0.999994 -0.212564 0.664972 0.677651
FixedParameters: 0 0 0

#Transform 23
Transform: AffineTransform_float_3_3
Parameters: 0.999997 0.00198725 0.00111342 -0.00198954 0.999996 0.00206438 -0.00110932 -0.00206659 0.999997 0.105901 0.560431 0.993326
FixedParameters: 0 0 0

#Transform 24
Transform: AffineTransform_float_3_3
Parameters: 0.999975 0.0070959 0.00063668 -0.0070947 0.999973 -0.0018814 -0.000650014 0.00187684 0.999998 0.912874 0.205259 1.88213
FixedParameters: 0 0 0

#Transform 25
Transform: AffineTransform_float_3_3
Parameters: 0.999956 0.0090553 -0.00243393 -0.00905655 0.999959 -0.000503582 0.00242926 0.000525603 0.999997 0.63873 0.449917 1.89119
FixedParameters: 0 0 0

#Transform 26
Transform: AffineTransform_float_3_3
Parameters: 0.999844 0.0176625 -0.000392352 -0.0176626 0.999844 -0.000294352 0.000387092 0.000301236 1 2.88928 0.483422 1.79688
FixedParameters: 0 0 0
